%YAML:1.0
---
prob: !!opencv-matrix
   rows: 10
   cols: 5
   dt: f
   data: [ 6.51145041e-01, 2.44674414e-01, 4.92469013e-01, 1.,
       5.36764503e-01, 3.21805835e-01, 1., 9.85757053e-01,
       3.98127645e-01, 9.08585131e-01, 6.03955090e-01, 1.,
       1.08361788e-01, 9.47502926e-02, 2.06293166e-01, 3.31008583e-01,
       1., 7.83617020e-01, 1.65308714e-01, 8.45179260e-01,
       1.24505587e-01, 3.73532576e-03, 5.52508473e-01, 1.,
       1.59278974e-01, 1.81587696e-01, 4.30251472e-02, 4.79787230e-01,
       9.53270972e-01, 1., 2.77864724e-01, 2.84236997e-01, 1.,
       7.08675444e-01, 8.50472271e-01, 2.25468129e-01, 1.15768835e-01,
       1., 6.42867446e-01, 4.66769576e-01, 4.36021328e-01,
       2.70437539e-01, 1., 9.52616513e-01, 4.84594703e-01,
       9.61017430e-01, 3.20184350e-01, 4.40279782e-01, 5.16203046e-01,
       1. ]
